1079
0 0 0 0 0 0 0 0 0 50
0 0 0 0 0 0 0 0 0 60
0 0 0 0 0 0 0 0 0 72
0 0 0 0 4096 0 8192 0 0 71
0 0 288 0 68 0 8320 0 0 58
0 0 32 0 16 0 0 0 0 49
0 0 0 0 0 0 288 0 0 61
0 0 0 0 16 0 32 0 0 71
0 0 8192 0 16 8448 32 256 0 38
0 0 0 0 0 0 8448 0 0 59
0 0 8192 0 64 0 288 0 0 63
0 0 8448 0 1024 0 32 0 0 57
0 0 0 0 0 0 0 0 0 82
0 0 0 0 0 0 0 0 0 62
0 0 8192 256 4096 0 32 0 0 27
0 0 32 256 16 0 8192 0 0 27
0 0 0 0 0 0 0 0 0 58
0 0 2080 0 17408 0 8448 0 0 62
0 0 8192 0 4096 0 0 0 0 49
0 0 32 0 1024 0 8448 0 0 57
0 0 0 0 0 0 0 0 0 38
0 0 8448 0 17408 0 2080 0 0 62
0 0 32 0 4096 256 8192 0 0 93
0 256 32 8448 16 0 8192 0 0 82
0 256 8192 288 4096 0 32 0 0 82
0 0 8320 0 68 0 288 0 0 58
0 0 288 0 64 0 8192 0 0 63
0 0 8448 0 0 0 0 0 0 59
0 0 288 0 0 0 0 0 0 61
0 0 8192 0 16 256 32 0 0 93
0 0 32 0 4096 288 8192 256 0 38
0 0 544 4096 528 0 4624 0 0 52
0 0 512 0 16 0 0 0 0 40
0 0 256 0 8192 0 0 0 0 36
0 0 0 0 32 0 256 0 0 84
0 0 4624 0 528 0 512 0 0 69
0 0 4096 0 8736 0 4352 0 0 39
0 0 4384 0 8736 0 4160 0 0 28
0 0 8704 16 4608 0 4624 0 0 46
0 0 272 0 8736 0 16 0 0 81
0 0 4624 0 4608 16 8704 0 0 68
0 0 4624 0 528 4096 544 0 0 74
0 0 4608 0 4096 0 512 0 0 40
0 0 512 0 528 0 4624 0 0 47
0 0 528 0 16 0 512 0 0 36
0 0 512 0 16 0 528 0 0 80
0 0 512 0 4608 0 4624 0 0 51
0 0 1040 0 8736 0 8464 0 0 92
0 0 16 0 8736 0 272 0 0 37
0 0 512 0 4096 0 0 0 0 36
0 0 0 0 8224 0 272 0 0 40
0 0 0 0 4096 0 512 0 0 80
0 0 0 0 8224 0 4352 0 0 36
0 0 0 0 8192 0 256 0 0 80
0 0 8464 0 8736 0 1040 0 0 26
0 0 4352 0 8224 0 0 0 0 80
0 0 4160 0 8736 0 4384 0 0 94
0 0 256 0 32 0 0 0 0 40
0 0 4352 0 8736 0 4096 0 0 83
0 0 272 0 8224 0 0 0 0 84
0 0 512 0 4096 0 4608 0 0 84
0 0 4624 0 4608 0 512 0 0 73
0 0 0 0 16 0 512 0 0 84
0 0 0 0 4096 0 8192 0 0 71
0 0 288 0 68 0 8320 0 0 58
0 0 32 0 16 0 0 0 0 49
0 0 0 0 0 0 288 0 0 61
0 0 0 0 16 0 32 0 0 71
0 0 8192 0 16 8448 32 256 0 38
0 0 0 0 0 0 8448 0 0 59
0 0 8192 0 64 0 288 0 0 63
0 0 8448 0 1024 0 32 0 0 57
0 0 0 0 0 0 0 0 0 82
0 0 0 0 0 0 0 0 0 62
0 0 8192 256 4096 0 32 0 0 27
0 0 32 256 16 0 8192 0 0 27
0 0 0 0 0 0 0 0 0 58
0 0 2080 0 17408 0 8448 0 0 62
0 0 8192 0 4096 0 0 0 0 49
0 0 32 0 1024 0 8448 0 0 57
0 0 0 0 0 0 0 0 0 38
0 0 8448 0 17408 0 2080 0 0 62
0 0 32 0 4096 256 8192 0 0 93
0 256 32 8448 16 0 8192 0 0 82
0 256 8192 288 4096 0 32 0 0 82
0 0 8320 0 68 0 288 0 0 58
0 0 288 0 64 0 8192 0 0 63
0 0 8448 0 0 0 0 0 0 59
0 0 288 0 0 0 0 0 0 61
0 0 8192 0 16 256 32 0 0 93
0 0 32 0 4096 288 8192 256 0 38
0 0 0 0 256 0 512 0 0 58
0 0 0 0 288 0 0 0 0 82
0 0 0 0 288 0 0 0 0 38
0 0 0 0 8448 0 0 0 0 38
0 0 0 0 8448 0 0 0 0 82
0 0 512 0 256 0 0 0 0 58
0 0 512 0 256 0 0 0 0 62
0 0 0 0 256 0 512 0 0 62
0 0 0 0	256 0 512 0 0 62
0 0 0 0	288 0 0 0 0 62
0 0 512	0 256 0	0 0 0 62
0 0 0 0	8448 0 0 0 0 62
0 0 2048 0 272 0 512 0 0 48
0 0 256	0 288 8192 0 0 0 48
0 0 512	0 4352 0 128 0 0 48
0 0 0 32 8448 0	256 0 0 48
0 0 512	0 272 0	2048 0 0 48
0 0 0 8192 288 0 256 0 0 48
0 0 128	0 4352 0 512 0 0 48
0 0 256	0 8448 32 0 0 0 48
0 0 2048 0 272 1024 512	8192 0 37
0 0 256	0 288 8256 8 0 0 37
0 32 512 64 4352 0 128 0 0 37
0 0 32768 1056 8448 0 256 0 0 37
0 8192 512 1024 272 0 2048 0 0 37
0 0 8 8256 288 0 256 0 0 37
0 0 128	0 4352 64 512 32 0 37
0 0 256	0 8448 1056 32768 0 0 37
0 0 2048 0 272	1024 1536 10240	0 28
0 0 256	0 288 8280 8 0 0 28
0 160 576 64 4352 0 128	0 0 28
0 0 32768 37920	8448 0 256 0 0 28
0 10240	1536 1024 272 0	2048 0 0 28
0 0 8 8280 288 0 256 0 0 28
0 0 128	0 4352 64 576 160 0 28
0 0 256	0 8448 37920 32768 0 0 28
0 0 2048 0 272 1024 1664 10304 0 40
0 0 256	36 288 8280 8 0	0 40
0 1184 2624 64 4352 0 128 0 0 40
0 0 32768 37920	8448 24576 256 0 0 40
0 10304	1664 1024 272 0 2048 0 0 40
0 0 8 8280 288 36 256 0	0 40
0 0 128	0 4352 64 2624 1184 0 40
0 0 256	24576 8448 37920 32768 0 0 40
0 0 2048 0 272 1024 1680 10816 0 30
0 0 272	36 296 8280 8 0	0 30
0 1696 6720 64 4352 0 128 0 0 30
0 0 32768 37920	41216 24576 4352 0 0 30
0 10816 1680 1024 272 0	2048 0 0 30
0 0 8 8280 296 36 272 0	0 30
0 0 128	0 4352 64 6720 1696 0 30
0 0 4352 24576 41216 37920 32768 0 0 30
0 0 2048 0 272 33792 1680 10820	0 57
0 4 272	36 296 8280 8 128 0 57
0 18080	6720 72	4352 0 128 0 0 57
0 2048 32768 37920 41216 24576 4352 16384 0 57
0 10820	1680 33792 272 0 2048 0	0 57
0 128 8	8280 296 36 272	4 0 57
0 0 128 0 4352 72 6720 18080 0 57
0 16384	4352 24576 41216 37920 32768 2048 0 57
0 0 2048 128 16656 33792 1680 10820 0 72
0 4 272	2084 296 8280 8 384 0 72
0 18080	6720 72	4356 2048 128 0	0 72
0 2304	32768 37920 41216 24704	4352 16384 0 72
0 10820	1680 33792 16656 128 2048 0 0 72
0 384 8	8280 296 2084 272 4 0 72
0 0 128	2048 4356 72 6720 18080	0 72
0 16384	4352 24704 41216 37920 32768 2304 0 72
0 0 2048 128 16720 33792 34448 10820 0 94
0 4 272	2340 296 8280 8	416 0 94
0 18080	6728 72	5380 2048 128 0	0 94
0 10496	32768 37920 41216 24960	4352 16384 0 94
0 10820	34448 33792 16720 128 2048 0 0 94
0 416 8	8280 296 2340 272 4 0 94
0 0 128	2048 5380 72 6728 18080	0 94
0 16384	4352 24960 41216 37920	32768 10496 0 94
0 64 2048 128 24912 33792 34448	10820 0 69
0 4 272	18724 296 8280 520 416 0 69
0 18080	6728 72	5412 2048 128 1024 0 69
0 10496	33280 37920 41216 24964	4352 16384 0 69
0 10820	34448 33792 24912 128 2048 64 0 69
0 416 520 8280 296 18724 272 4 0 69
0 1024 128 2048	5412 72	6728 18080 0 69
0 16384	4352 24964 41216 37920 33280 10496 0 69
0 64 2048 6272	24912 33792 34448 10820	0 59
0 4 272	18724 296 10328	1544 416 0 59
0 18080	6728 72	5412 2192 128 1024 0 59
0 10496	33344 38048 41216 24964 4352 16384 0 59
0 10820	34448 33792 24912 6272 2048 64 0 59
0 416 1544 10328 296 18724 272 4 0 59
0 1024 128 2192	5412 72	6728 18080 0 59
0 16384	4352 24964 41216 38048 33344 10496 0 59
0 64 2048 6272	25936 41984 34448 10820	0 80
0 4 272	18724 296 10584	1672 416 0 80
0 18080	6728 104 5476 2192 128 1024 0 80
0 10496	35392 38304 41216 24964	4352 16384 0 80
0 10820	34448 41984 25936 6272 2048 64 0 80
0 416 1672 10584 296 18724 272 4 0 80
0 1024 128 2192	5476 104 6728 18080 0 80
0 16384	4352 24964 41216 38304 35392 10496 0 80
0 8256 6144 6272 25936 41984 34448 10820 0 90
0 4 272	18724 296 10584	38536 416 0 90
0 18080	6728 104 5476 2192 144 1056 0 90
0 10496	35416 38304 41216 24964	4352 16384 0 90
0 10820	34448 41984 25936 6272 6144 8256 0 90
0 416 38536 10584 296 18724 272	4 0 90
0 1056 144 2192	5476 104 6728 18080 0 90
0 16384	4352 24964 41216 38304 35416 10496 0 90
0 10304	6144 6272 25936	41984 34448 10820 0 71
0 4 272	18724 296 43352	38536 416 0 71
0 18080	6728 104 5476 2192 144 1184 0 71
0 10496	35416 38312 41216 24964	4352 16384 0 71
0 10820	34448 41984 25936 6272 6144 10304 0 71
0 416 38536 43352 296 18724 272	4 0 71
0 1184 144 2192	5476 104 6728 18080 0 71
0 16384	4352 24964 41216 38312 35416 10496 0 71
0 0 0 2048 0 64	0 0 0 72
0 0 0 64 0 2048	0 0 0 72
0 0 0 1024 0 128 0 0 0 72
0 0 0 128 0 1024 0 0 0 72
0 0 0 2112 0 2112 0 0 0 37
0 0 0 1088 0 2176 0 0 0 37
0 0 0 1152 0 1152 0 0 0 37
0 0 0 2176 0 1088 0 0 0 37
0 0 0 2112 0 2112 9216 0 0 49
0 0 0 1088 0 2192 32 0 0 49
0 0 96 1152 0 1152 0 0 0 49
0 0 8192 6272 0	1088 0 0 0 49
0 0 9216 2112 0	2112 0 0 0 49
0 0 32 2192 0 1088 0 0 0 49
0 0 0 1152 0 1152 96 0 0 49
0 0 0 1088 0 6272 8192 0 0 49
0 0 0 2112 0 2368 9216 2048 0 59
0 0 0 1088 64 2200 32 0	0 59
0 128 96 1408 0 1152 0 0 0 59
0 0 8192 39040 1024 1088 0 0 0 59
0 2048 9216 2368 0 2112	0 0 0 59
0 0 32 2200 64 1088 0 0 0 59
0 0 0 1152 0 1408 96 128 0 59
0 0 0 1088 1024	39040 8192 0 0 59
0 0 0 2112 1024 2368 8704 2048 0 47
0 0 0 1088 96 2440 32 0 0 47
0 128 544 1408 64 1152 0 0 0 47
0 0 8192 35200 9216 1088 0 0 0 47
0 2048 8704 2368 1024 2112 0 0 0 47
0 0 32 2440 96 1088 0 0 0 47
0 0 0 1152 64 1408 544 128 0 47
0 0 0 1088 9216 35200 8192 0 0 47
0 0 0 2112 1024 6464 8832 2048 0 37
0 0 0 1120 96 2440 96 0 0 37
0 128 2592 1424 64 1152 0 0 0 37
0 0 9216 35200 9216 9280 0 0 0 37
0 2048 8832 6464 1024 2112 0 0 0 37
0 0 96 2440 96 1120 0 0 0 37
0 0 0 1152 64 1424 2592 128 0 37
0 0 0 9280 9216 35200 9216 0 0 37
0 0 0 2112 1024 4448 9856 2048 0 35
0 0 128 1120 96 2328 96 0 0 35
0 128 2656 9488 64 1152 0 0 0 35
0 0 9216 37248 9216 9280 2048 0 0 35
0 2048 9856 4448 1024 2112 0 0 0 35
0 0 96 2328 96 1120 128 0 0 35
0 0 0 1152 64 9488 2656 128 0 35
0 0 2048 9280 9216 37248 9216 0 0 35
0 0 0 2112 1024 6496 25216 2048 0 62
0 0 128 1120 96 2440 96 16 0 62
0 128 2596 9616 64 1152 0 0 0 62
0 4096 9216 35200 9216 9280 2048 0 0 62
0 2048 25216 6496 1024 2112 0 0 0 62
0 16 96 2440 96 1120 128 0 0 62
0 0 0 1152 64 9616 2596 128 0 62
0 0 2048 9280 9216 35200 9216 4096 0 62
0 0 128 2112 1040 6496 25216 2048 0 37
0 0 384 9312 96 2440 96 16 0 37
0 128 2596 9616 4160 1152 2048 0 0 37
0 4096 9216 35200 9216 9312 2304 0 0 37
0 2048 25216 6496 1040 2112 128 0 0 37
0 16 96 2440 96 9312 384 0 0 7
0 0 2048 1152 4160 9616 2596 128 0 37
0 0 2304 9312 9216 35200 9216 4096 0 37
0 0 128 10304 1040 4448 26240 2048 0 25
0 0 384 9312 96 2328 2144 16 0 25
0 128 2660 9488 4160 1184 2048 0 0 25
0 4096 9344 37248 9216 9312 2304 0 0 25
0 2048 26240 4448 1040 10304 128 0 0 25
0 16 2144 2328 96 9312 384 0 0 25
0 0 2048 1184 4160 9488 2660 128 0 25
0 0 2304 9312 9216 37248 9344 4096 0 25
0 0 128 10304 1040 4448 18080 6144 0 63
0 0 416 9312 96 2328 2116 16 0 63
0 144 10820 9488 4160 1184 2048 0 0 63
0 4096 17536 37248 9216 9312 10496 0 0 63
0 6144 18080 4448 1040 10304 128 0 0 63
0 16 2116 2328 96 9312 416 0 0 63
0 0 2048 1184 4160 9488 10820 144 0 63
0 0 10496 9312 9216 37248 17536 4096 0 63
0 0 128 10304 1044 4448 18080 6146 0 82
8 256 416 9312 96 2328 2116 16 0 82
0 131216 10820 9488 20544 1184 2048 0 0 82
0 4096 17536 37248 9216 9312 10496 256 32768 82
0 6146 18080 4448 1044 10304 128 0 0 82
0 16 2116 2328 96 9312 416 256 8 82
0 0 2048 1184 20544 9488 10820 131216 0 82
32768 256 10496 9312 9216 37248 17536 4096 0 82
0 0 384 10816 1044 4448 18080 6146 0 94
8 256 416 9312 6240 2328 2116 16 0 94
0 131216 10820 9488 20544 1696 2304 0 0 94
0 4096 17536 37248 9360 9312 10496 256 32768 94
0 6146 18080 4448 1044 10816 384 0 0 94
0 16 2116 2328 6240 9312 416 256 8 94
0 0 2304 1696 20544 9488 10820 131216 0 94
32768 256 10496 9312 9360 37248 17536 4096 0 94
0 2112 384 10816 1044 4448 18080 6146 0 93
8 256 416 25696 6240 35096 2116 16 0 93
0 131216 10820 9488 20544 1696 2304 1152 0 93
0 4096 17536 37256 9360 9316 10496 256 32768 93
0 6146 18080 4448 1044 10816 384 2112 0 93
0 16 2116 35096 6240 25696 416 256 8 93
0 1152 2304 1696 20544 9488 10820 131216 0 93
32768 256 10496 9316 9360 37256 17536 4096 0 93
0 0 0 0	256 0 512 0 0 62
0 0 0 0	288 0 0 0 0 62
0 0 512	0 256 0	0 0 0 62
0 0 0 0	8448 0 0 0 0 62
0 0 2048 0 272 0 512 0 0 70
0 0 256	0 288 8192 0 0 0 70
0 0 512	0 4352 0 128 0 0 70
0 0 0 32 8448 0	256 0 0 70
0 0 512	0 272 0	2048 0 0 70
0 0 0 8192 288 0 256 0 0 70
0 0 128	0 4352 0 512 0 0 70
0 0 256	0 8448 32 0 0 0 70
0 0 2048 0 272 1024 512	8192 0 81
0 0 256	0 288 8256 8 0 0 81
0 32 512 64 4352 0 128 0 0 81
0 0 32768 1056 8448 0 256 0 0 81
0 8192 512 1024 272 0 2048 0 0 81
0 0 8 8256 288 0 256 0 0 81
0 0 128	0 4352 64 512 32 0 81
0 0 256	0 8448 1056 32768 0 0 81
0 0 2048 0 272	1024 1536 10240	0 94
0 0 256	0 288 8280 8 0 0 94
0 160 576 64 4352 0 128	0 0 94
0 0 32768 37920	8448 0 256 0 0 94
0 10240	1536 1024 272 0	2048 0 0 94
0 0 8 8280 288 0 256 0 0 94
0 0 128	0 4352 64 576 160 0 94
0 0 256	0 8448 37920 32768 0 0 94
0 0 2048 0 272 1024 1664 10304 0 84
0 0 256	36 288 8280 8 0	0 84
0 1184 2624 64 4352 0 128 0 0 84
0 0 32768 37920	8448 24576 256 0 0 84
0 10304	1664 1024 272 0 2048 0 0 84
0 0 8 8280 288 36 256 0	0 84
0 0 128	0 4352 64 2624 1184 0 84
0 0 256	24576 8448 37920 32768 0 0 84
0 0 2048 0 272 1024 1680 10816 0 96
0 0 272	36 296 8280 8 0	0 96
0 1696 6720 64 4352 0 128 0 0 96
0 0 32768 37920	41216 24576 4352 0 0 96
0 10816 1680 1024 272 0	2048 0 0 96
0 0 8 8280 296 36 272 0	0 96
0 0 128	0 4352 64 6720 1696 0 96
0 0 4352 24576 41216 37920 32768 0 0 96
0 0 2048 0 272 33792 1680 10820	0 57
0 4 272	36 296 8280 8 128 0 57
0 18080	6720 72	4352 0 128 0 0 57
0 2048 32768 37920 41216 24576 4352 16384 0 57
0 10820	1680 33792 272 0 2048 0	0 57
0 128 8	8280 296 36 272	4 0 57
0 0 128 0 4352 72 6720 18080 0 57
0 16384	4352 24576 41216 37920 32768 2048 0 57
0 0 2048 128 16656 33792 1680 10820 0 50
0 4 272	2084 296 8280 8 384 0 50
0 18080	6720 72	4356 2048 128 0	0 50
0 2304	32768 37920 41216 24704	4352 16384 0 50
0 10820	1680 33792 16656 128 2048 0 0 50
0 384 8	8280 296 2084 272 4 0 50
0 0 128	2048 4356 72 6720 18080	0 50
0 16384	4352 24704 41216 37920 32768 2304 0 50
0 0 2048 128 16720 33792 34448 10820 0 28
0 4 272	2340 296 8280 8	416 0 28
0 18080	6728 72	5380 2048 128 0	0 28
0 10496	32768 37920 41216 24960	4352 16384 0 28
0 10820	34448 33792 16720 128 2048 0 0 28
0 416 8	8280 296 2340 272 4 0 28
0 0 128	2048 5380 72 6728 18080	0 28
0 16384	4352 24960 41216 37920	32768 10496 0 28
0 64 2048 128 24912 33792 34448	10820 0 47
0 4 272	18724 296 8280 520 416 0 47
0 18080	6728 72	5412 2048 128 1024 0 47
0 10496	33280 37920 41216 24964	4352 16384 0 47
0 10820	34448 33792 24912 128 2048 64 0 47
0 416 520 8280 296 18724 272 4 0 47
0 1024 128 2048	5412 72	6728 18080 0 47
0 16384	4352 24964 41216 37920 33280 10496 0 47
0 64 2048 6272	24912 33792 34448 10820	0 59
0 4 272	18724 296 10328	1544 416 0 59
0 18080	6728 72	5412 2192 128 1024 0 59
0 10496	33344 38048 41216 24964 4352 16384 0 59
0 10820	34448 33792 24912 6272 2048 64 0 59
0 416 1544 10328 296 18724 272 4 0 59
0 1024 128 2192	5412 72	6728 18080 0 59
0 16384	4352 24964 41216 38048 33344 10496 0 59
0 64 2048 6272	25936 41984 34448 10820	0 36
0 4 272	18724 296 10584	1672 416 0 36
0 18080	6728 104 5476 2192 128 1024 0 36
0 10496	35392 38304 41216 24964	4352 16384 0 36
0 10820	34448 41984 25936 6272 2048 64 0 36
0 416 1672 10584 296 18724 272 4 0 36
0 1024 128 2192	5476 104 6728 18080 0 36
0 16384	4352 24964 41216 38304 35392 10496 0 36
0 8256 6144 6272 25936 41984 34448 10820 0 24
0 4 272	18724 296 10584	38536 416 0 24
0 18080	6728 104 5476 2192 144 1056 0 24
0 10496	35416 38304 41216 24964	4352 16384 0 24
0 10820	34448 41984 25936 6272 6144 8256 0 24
0 416 38536 10584 296 18724 272	4 0 24
0 1056 144 2192	5476 104 6728 18080 0 24
0 16384	4352 24964 41216 38304 35416 10496 0 24
0 10304	6144 6272 25936	41984 34448 10820 0 49
0 4 272	18724 296 43352	38536 416 0 49
0 18080	6728 104 5476 2192 144 1184 0 49
0 10496	35416 38312 41216 24964	4352 16384 0 49
0 10820	34448 41984 25936 6272 6144 10304 0 49
0 416 38536 43352 296 18724 272	4 0 49
0 1184 144 2192	5476 104 6728 18080 0 49
0 16384	4352 24964 41216 38312 35416 10496 0 49
0 0 0 2048 0 64	0 0 0 50
0 0 0 64 0 2048	0 0 0 50
0 0 0 1024 0 128 0 0 0 50
0 0 0 128 0 1024 0 0 0 50
0 0 0 2112 0 2112 0 0 0 81
0 0 0 1088 0 2176 0 0 0 81
0 0 0 1152 0 1152 0 0 0 81
0 0 0 2176 0 1088 0 0 0 81
0 0 0 2112 0 2112 9216 0 0 71
0 0 0 1088 0 2192 32 0 0 71
0 0 96 1152 0 1152 0 0 0 71
0 0 8192 6272 0	1088 0 0 0 71
0 0 9216 2112 0	2112 0 0 0 71
0 0 32 2192 0 1088 0 0 0 71
0 0 0 1152 0 1152 96 0 0 71
0 0 0 1088 0 6272 8192 0 0 71
0 0 0 2112 0 2368 9216 2048 0 59
0 0 0 1088 64 2200 32 0	0 59
0 128 96 1408 0 1152 0 0 0 59
0 0 8192 39040 1024 1088 0 0 0 59
0 2048 9216 2368 0 2112	0 0 0 59
0 0 32 2200 64 1088 0 0 0 59
0 0 0 1152 0 1408 96 128 0 59
0 0 0 1088 1024	39040 8192 0 0 59
0 0 0 2112 1024 2368 8704 2048 0 69
0 0 0 1088 96 2440 32 0 0 69
0 128 544 1408 64 1152 0 0 0 69
0 0 8192 35200 9216 1088 0 0 0 69
0 2048 8704 2368 1024 2112 0 0 0 69
0 0 32 2440 96 1088 0 0 0 69
0 0 0 1152 64 1408 544 128 0 69
0 0 0 1088 9216 35200 8192 0 0 69
0 0 0 2112 1024 6464 8832 2048 0 81
0 0 0 1120 96 2440 96 0 0 81
0 128 2592 1424 64 1152 0 0 0 81
0 0 9216 35200 9216 9280 0 0 0 81
0 2048 8832 6464 1024 2112 0 0 0 81
0 0 96 2440 96 1120 0 0 0 81
0 0 0 1152 64 1424 2592 128 0 81
0 0 0 9280 9216 35200 9216 0 0 81
0 0 0 2112 1024 4448 9856 2048 0 79
0 0 128 1120 96 2328 96 0 0 79
0 128 2656 9488 64 1152 0 0 0 79
0 0 9216 37248 9216 9280 2048 0 0 79
0 2048 9856 4448 1024 2112 0 0 0 79
0 0 96 2328 96 1120 128 0 0 79
0 0 0 1152 64 9488 2656 128 0 79
0 0 2048 9280 9216 37248 9216 0 0 79
0 0 0 2112 1024 6496 25216 2048 0 62
0 0 128 1120 96 2440 96 16 0 62
0 128 2596 9616 64 1152 0 0 0 62
0 4096 9216 35200 9216 9280 2048 0 0 62
0 2048 25216 6496 1024 2112 0 0 0 62
0 16 96 2440 96 1120 128 0 0 62
0 0 0 1152 64 9616 2596 128 0 62
0 0 2048 9280 9216 35200 9216 4096 0 62
0 0 128 2112 1040 6496 25216 2048 0 81
0 0 384 9312 96 2440 96 16 0 81
0 128 2596 9616 4160 1152 2048 0 0 81
0 4096 9216 35200 9216 9312 2304 0 0 81
0 2048 25216 6496 1040 2112 128 0 0 81
0 16 96 2440 96 9312 384 0 0 81
0 0 2048 1152 4160 9616 2596 128 0 81
0 0 2304 9312 9216 35200 9216 4096 0 81
0 0 128 10304 1040 4448 26240 2048 0 91
0 0 384 9312 96 2328 2144 16 0 91
0 128 2660 9488 4160 1184 2048 0 0 91
0 4096 9344 37248 9216 9312 2304 0 0 91
0 2048 26240 4448 1040 10304 128 0 0 91
0 16 2144 2328 96 9312 384 0 0 91
0 0 2048 1184 4160 9488 2660 128 0 91
0 0 2304 9312 9216 37248 9344 4096 0 91
0 0 128 10304 1040 4448 18080 6144 0 63
0 0 416 9312 96 2328 2116 16 0 63
0 144 10820 9488 4160 1184 2048 0 0 63
0 4096 17536 37248 9216 9312 10496 0 0 63
0 6144 18080 4448 1040 10304 128 0 0 63
0 16 2116 2328 96 9312 416 0 0 63
0 0 2048 1184 4160 9488 10820 144 0 63
0 0 10496 9312 9216 37248 17536 4096 0 63
0 0 128 10304 1044 4448 18080 6146 0 38
8 256 416 9312 96 2328 2116 16 0 38
0 131216 10820 9488 20544 1184 2048 0 0 38
0 4096 17536 37248 9216 9312 10496 256 32768 38
0 6146 18080 4448 1044 10304 128 0 0 38
0 16 2116 2328 96 9312 416 256 8 38
0 0 2048 1184 20544 9488 10820 131216 0 38
32768 256 10496 9312 9216 37248 17536 4096 0 38
0 0 384 10816 1044 4448 18080 6146 0 28
8 256 416 9312 6240 2328 2116 16 0 28
0 131216 10820 9488 20544 1696 2304 0 0 28
0 4096 17536 37248 9360 9312 10496 256 32768 28
0 6146 18080 4448 1044 10816 384 0 0 28
0 16 2116 2328 6240 9312 416 256 8 28
0 0 2304 1696 20544 9488 10820 131216 0 28
32768 256 10496 9312 9360 37248 17536 4096 0 28
0 2112 384 10816 1044 4448 18080 6146 0 27
8 256 416 25696 6240 35096 2116 16 0 27
0 131216 10820 9488 20544 1696 2304 1152 0 27
0 4096 17536 37256 9360 9316 10496 256 32768 27
0 6146 18080 4448 1044 10816 384 2112 0 27
0 16 2116 35096 6240 25696 416 256 8 27
0 1152 2304 1696 20544 9488 10820 131216 0 27
32768 256 10496 9316 9360 37256 17536 4096 0 27
0 0 0 0 256 32 0 0 0 39
0 0 128 0 256 0 0 0 0 39
0 0 0 8192 256 0 0 0 0 39
0 0 0 0 256 0 2048 0 0 39
0 0 0 32 256 0 0 0 0 39
0 0 0 0 256 0 128 0 0 39
0 0 0 0 256 8192 0 0 0 39
0 0 2048 0 256 0 0 0 0 39
0 0 0 0 8448 32 64 0 0 73
0 0 128 16 256 0 512 0 0 73
0 0 1024 8192 288 0 0 0 0 73
0 0 512 0 256 4096 2048 0 0 73
0 0 64 32 8448 0 0 0 0 73
0 0 512 0 256 16 128 0 0 73
0 0 0 0 288 8192 1024 0 0 73
0 0 2048 4096 256 0 512 0 0 73
0 0 0 24 8448 32 64 0 0 85
0 2048 1152 16 256 0 512 0 0 85
0 0 1024 8192 288 36864 0 0 0 85
0 0 512 0 256 4096 2112 128 0 85
0 0 64 32 8448 24 0 0 0 85
0 0 512 0 256 16 1152 2048 0 85
0 0 0 36864 288 8192 1024 0 0 85
0 128 2112 4096 256 0 512 0 0 85
0 0 4 24 8456 32 64 0 0 82
0 6656 1152 16 256 0 512 0 0 82
0 0 1024 8192 33056 36864 16384 0 0 82
0 0 512 0 256 4096 2112 656 0 82
0 0 64 32 8456 24 4 0 0 82
0 0 512 0 256 16 1152 6656 0 82
0 0 16384 36864 33056 8192 1024 0 0 82
0 656 2112 4096 256 0 512 0 0 82
0 0 260 24 8456 32 96 0 0 80
0 6656 1184 16 4352 0 512 0 0 80
0 0 9216 8192 33056 36864 16640 0 0 80
0 0 512 0 272 4096 10304 656 0 80
0 0 96 32 8456 24 260 0 0 80
0 0 512 0 4352 16 1184 6656 0 80
0 0 16640 36864 33056 8192 9216 0 0 80
0 656 10304 4096 272 0 512 0 0 80
0 0 4356 24 8456 32 2144 0 0 38
0 6656 1184 16 4352 32 4608 0 0 38
0 0 9344 8192 33056 36864 16656 0 0 38
0 0 528 8192 272 4096 10304 656 0 38
0 0 2144 32 8456 24 4356 0 0 38
0 0 4608 32 4352 16 1184 6656 0 38
0 0 16656 36864 33056 8192 9344 0 0 38
0 656 10304 4096 272 8192 528 0 0 38
0 0 4356 24 8456 32 2400 2048 0 29
0 6656 1184 16 4368 40 4608 0 0 29
0 128 9600 8192 33056 36864 16656 0 0 29
0 0 528 40960 4368 4096 10304 656 0 29
0 2048 2400 32 8456 24 4356 0 0 29
0 0 4608 40 4368 16 1184 6656 0 29
0 0 16656 36864 33056 8192 9600 128 0 29
0 656 10304 4096 4368 40960 528 0 0 29
0 0 4356 24 8456 32 2400 2072 0 28
0 6664 1188 16 4368 40 4608 0 0 28
0 36992 9600 8192 33056 36864 16656 0 0 28
0 0 528 40960 4368 4096 26688 33424 0 28
0 2072 2400 32 8456 24 4356 0 0 28
0 0 4608 40 4368 16 1188 6664 0 28
0 0 16656 36864 33056 8192 9600 36992 0 28
0 33424 26688 4096 4368 40960 528 0 0 28
0 0 4356 24 8456 32 2400 2136 8 68
0 6666 1188 20 4368 40 4608 0 0 68
32768 38016 9600 8192 33056 36864 16656 0 0 68
0 0 528 40960 4368 20480 26688 164496 0 68
8 2136 2400 32 8456 24 4356 0 0 68
0 0 4608 40 4368 20 1188 6666 0 68
0 0 16656 36864 33056 8192 9600 38016 32768 68
0 164496 26688 20480 4368 40960 528 0 0 68
0 0 4356 16408 41224 32 2400 2136 8 56
0 6666 1188 20 4368 40 4608 1536 0 56
32768 38016 9600 8192 33064 36868 16656 0 0 56
0 576 528 40960 4368 20480 26688 164496 0 56
8 2136 2400 32 41224 16408 4356 0 0 56
0 1536 4608 40 4368 20 1188 6666 0 56
0 0 16656 36868 33064 8192 9600 38016 32768 56
0 164496 26688 20480 4368 40960 528 576 0 56
0 0 4356 16408 106760 131104 2400 2136 8 67
0 6666 1188 20 4368 40 4608 1536 384 67
32768 38016 9600 8194 33065 36868 16656 0 0 67
2304 576 528 40960 4368 20480 26688 164496 0 67
8 2136 2400 131104 106760 16408 4356 0 0 67
384 1536 4608 40 4368 20 1188 6666 0 67
0 0 16656 36868 33065 8194 9600 38016 32768 67
0 164496 26688 20480 4368 40960 528 576 2304 67
0 0 6404 81944 106760 131104 2400 2136 8 69
0 6666 1188 20 4368 8232 4608 1536 1408 69
32768 38016 9600 8194 33065 36869 16784 0 0 69
2368 576 528 40992 4368 20480 26688 164496 0 69
8 2136 2400 131104 106760 81944 6404 0 0 69
1408 1536 4608 8232 4368 20 1188 6666 0 69
0 0 16784 36869 33065 8194 9600 38016 32768 69
0 164496 26688 20480 4368 40992 528 576 2368 69
0 0 6404 86040 106888 131104 2400 2136 8 72
0 6666 1188 532 4368 8232 5632 1536 1408 72
32768 38016 9600 8194 35113 36885 16784 0 0 72
2368 576 592 40992 4368 20992 26688 164496 0 72
8 2136 2400 131104 106888 86040 6404 0 0 72
1408 1536 5632 8232 4368 532 1188 6666 0 72
0 0 16784 36885 35113 8194 9600 38016 32768 72
0 164496 26688 20992 4368 40992 592 576 2368 72
0 0 6404 86104 108936 131104 2400 2136 8 71
0 6666 1188 1556 4368 8744 5632 1536 1408 71
32768 38016 9600 8194 35241 37909 16784 0 0 71
2368 576 592 41504 4368 21056 26688 164496 0 71
8 2136 2400 131104 108936 86104 6404 0 0 71
1408 1536 5632 8744 4368 1556 1188 6666 0 71
0 0 16784 37909 35241 8194 9600 38016 32768 71
0 164496 26688 21056 4368 41504 592 576 2368 71
0 0 0 0 256 32 0 0 0 39
0 0 128 0 256 0 0 0 0 39
0 0 0 8192 256 0 0 0 0 39
0 0 0 0 256 0 2048 0 0 39
0 0 0 32 256 0 0 0 0 39
0 0 0 0 256 0 128 0 0 39
0 0 0 0 256 8192 0 0 0 39
0 0 2048 0 256 0 0 0 0 39
0 0 0 128 256 32 64 0 0 71
0 0 128 2064 256 0 0 0 0 71
0 0 1024 8192 256 2048 0 0 0 71
0 0 0 0 256 4224 2048 0 0 71
0 0 64 32 256 128 0 0 0 71
0 0 0 0 256 2064 128 0 0 71
0 0 0 2048 256 8192 1024 0 0 71
0 0 2048 4224 256 0 0 0 0 71
0 0 128 384 256 32 64 0 0 40
0 0 128 10256 1280 0 0 0 0 40
0 0 1024 8192 256 2304 2048 0 0 40
0 0 0 0 320 4256 2048 0 0 40
0 0 64 32 256 384 128 0 0 40
0 0 0 0 1280 10256 128 0 0 40
0 0 2048 2304 256 8192 1024 0 0 40
0 0 2048 4256 320 0 0 0 0 40
0 0 128 384 256 8224 80 0 0 82
0 0 144 10256 1280 0 128 0 0 82
0 0 5120 8224 256 2304 2048 0 0 82
0 0 2048 0 320 4256 6144 0 0 82
0 0 80 8224 256 384 128 0 0 82
0 0 128 0 1280 10256 144 0 0 82
0 0 2048 2304 256 8224 5120 0 0 82
0 0 6144 4256 320 0 2048 0 0 82
0 0 384 384 256 8224 88 0 0 57
0 32 144 10256 5376 0 128 0 0 57
0 0 37888 8224 256 2304 2304 0 0 57
0 0 2048 0 336 4256 6144 8192 0 57
0 0 88 8224 256 384 384 0 0 57
0 0 128 0 5376 10256 144 32 0 57
0 0 2304 2304 256 8224 37888 0 0 57
0 8192 6144 4256 336 0 2048 0 0 57
0 0 384 384 24832 8224 88 0 0 68
0 32 144 10256 5376 0 640 256 0 68
0 0 37888 8224 292 2304 2304 0 0 68
0 256 2560 0 336 4256 6144 8192 0 68
0 0 88 8224 24832 384 384 0 0 68
0 256 640 0 5376 10256 144 32 0 68
0 0 2304 2304 292 8224 37888 0 0 68
0 8192 6144 4256 336 0 2560 256 0 68
0 0 384 24960 24832 8224 88 0 0 80
0 32 144 10256 5376 0 2688 1280 0 80
0 0 37888 8224 292 2340 2304 0 0 80
0 320 2688 0 336 4256 6144 8192 0 80
0 0 88 8224 24832 24960 384 0 0 80
0 1280 2688 0 5376 10256 144 32 0 80
0 0 2304 2340 292 8224 37888 0 0 80
0 8192 6144 4256 336 0 2688 320 0 80
0 0 4480 24960 24832 8736 88 0 0 50
0 32 144 10256 5504 0 6784 1280 0 50
0 0 37888 8736 292 2340 2320 0 0 50
0 320 2704 0 2384 4256 6144 8192 0 50
0 0 88 8736 24832 24960 4480 0 0 50
0 1280 6784 0 5504 10256 144 32 0 50
0 0 2320 2340 292 8736 37888 0 0 50
0 8192 6144 4256 2384 0 2704 320 0 50
0 0 37248 24960 24832 8800 88 0 0 91
0 32 144 10320 5504 0 6784 9472 0 91
0 0 37888 9760 292 2340 2328 0 0 91
0 352 2704 0 2384 5280 6144 8192 0 91
0 0 88 8800 24832 24960 37248 0 0 91
0 9472 6784 0 5504 10320 144 32 0 91
0 0 2328 2340 292 9760 37888 0 0 91
0 8192 6144 5280 2384 0 2704 352 0 91
0 4096 37248 24960 24832 41568 88 0 0 90
0 32 144 10320 5504 0 23168 9600 0 90
0 0 37888 9768 292 2340 2328 16 0 90
0 2400 2708 0 2384 5280 6144 8192 0 90
0 0 88 41568 24832 24960 37248 4096 0 90
0 9600 23168 0 5504 10320 144 32 0 90
0 16 2328 2340 292 9768 37888 0 0 90
0 8192 6144 5280 2384 0 2708 2400 0 90
0 20480 37248 24960 24832 41568 600 0 0 62
0 32 144 10320 5536 0 23168 25984 0 62
0 0 38400 9768 292 2340 2328 20 0 62
0 2404 2708 0 10576 5280 6144 8192 0 62
0 0 600 41568 24832 24960 37248 20480 0 62
0 25984 23168 0 5536 10320 144 32 0 62
0 20 2328 2340 292 9768 38400 0 0 62
0 8192 6144 5280 10576 0 2708 2404 0 62
0 20480 37248 24960 24848 41576 600 0 0 63
0 160 400 10320 5536 0 23168 25984 0 63
0 0 38400 42536 4388 2340 2328 20 0 63
0 2404 2708 0 10576 5280 6400 10240 0 63
0 0 600 41576 24848 24960 37248 20480 0 63
0 25984 23168 0 5536 10320 400 160 0 63
0 20 2328 2340 4388 42536 38400 0 0 63
0 10240 6400 5280 10576 0 2708 2404 0 63
0 20480 37248 24960 24980 41576 600 0 0 30
0 416 400 10832 5536 0 23168 25984 0 30
0 0 38400 42536 22820 2340 2328 20 0 30
0 2404 2708 0 10576 5792 6400 10496 0 30
0 0 600 41576 24980 24960 37248 20480 0 30
0 25984 23168 0 5536 10832 400 416 0 30
0 20 2328 2340 22820 42536 38400 0 0 30
0 10496 6400 5792 10576 0 2708 2404 0 30
0 20992 37248 24960 24980 41576 600 4 0 92
0 420 400 10832 38304 0 23168 25984 0 92
0 16384 38400 42536 22820 2340 2328 532 0 92
0 2404 2708 0 10584 5792 6400 26880 0 92
0 4 600 41576 24980 24960 37248 20992 0 92
0 25984 23168 0 38304 10832 400 420 0 92
0 532 2328 2340 22820 42536 38400 16384 0 92
0 26880 6400 5792 10584 0 2708 2404 0 92
0 0 0 0 256 32 0 0 0 39
0 0 128 0 256 0 0 0 0 39
0 0 0 8192 256 0 0 0 0 39
0 0 0 0 256 0 2048 0 0 39
0 0 0 32 256 0 0 0 0 39
0 0 0 0 256 0 128 0 0 39
0 0 0 0 256 8192 0 0 0 39
0 0 2048 0 256 0 0 0 0 39
0 0 0 32 256 32 64 0 0 58
0 0 2176 16 256 0 0 0 0 58
0 0 1024 8192 256 8192 0 0 0 58
0 0 0 0 256 4096 2176 0 0 58
0 0 64 32 256 32 0 0 0 58
0 0 0 0 256 16 2176 0 0 58
0 0 0 8192 256 8192 1024 0 0 58
0 0 2176 4096 256 0 0 0 0 58
0 0 512 32 4352 32 64 0 0 40
0 0 2176 16 8448 0 256 0 0 40
0 0 1024 8192 272 8192 512 0 0 40
0 0 256 0 288 4096 2176 0 0 40
0 0 64 32 4352 32 512 0 0 40
0 0 256 0 8448 16 2176 0 0 40
0 0 512 8192 272 8192 1024 0 0 40
0 0 2176 4096 288 0 256 0 0 40
0 0 512 32 37120 32 80 0 0 46
0 0 2192 16 8448 0 256 512 0 46
0 0 5120 8192 280 8192 512 0 0 46
0 512 256 0 288 4096 6272 0 0 46
0 0 80 32 37120 32 512 0 0 46
0 512 256 0 8448 16 2192 0 0 46
0 0 512 8192 280 8192 5120 0 0 46
0 0 6272 4096 288 0 256 512 0 46
0 0 512 32800 37120 16416 80 0 0 69
0 0 2192 16 8448 0 256 2624 0 69
0 0 5120 8196 280 8200 512 0 0 69
0 1664 256 0 288 4096 6272 0 0 69
0 0 80 16416 37120 32800 512 0 0 69
0 2624 256 0 8448 16 2192 0 0 69
0 0 512 8200 280 8196 5120 0 0 69
0 0 6272 4096 288 0 256 1664 0 69
0 0 512 36896 37120 24608 80 0 0 35
0 0 2192 16 8448 0 1408 2624 0 35
0 0 5120 8228 280 8216 512 0 0 35
0 1664 2368 0 288 4096 6272 0 0 35
0 0 80 24608 37120 36896 512 0 0 35
0 2624 1408 0 8448 16 2192 0 0 35
0 0 512 8216 280 8228 5120 0 0 35
0 0 6272 4096 288 0 2368 1664 0 35
0 0 8704 36896 37120 24608 16464 0 0 79
0 0 2192 16 8448 0 9600 2640 0 79
0 0 5124 8228 280 8216 544 0 0 79
0 5760 2400 0 288 4096 6272 0 0 79
0 0 16464 24608 37120 36896 8704 0 0 79
0 2640 9600 0 8448 16 2192 0 0 79
0 0 544 8216 280 8228 5124 0 0 79
0 0 6272 4096 288 0 2400 5760 0 79
0 0 25088 38944 37120 24608 16464 0 0 59
0 0 2192 16 8448 2048 9600 6736 0 59
0 0 5124 8228 280 8344 548 0 0 59
0 5776 2400 128 288 4096 6272 0 0 59
0 0 16464 24608 37120 38944 25088 0 0 59
0 6736 9600 2048 8448 16 2192 0 0 59
0 0 548 8344 280 8228 5124 0 0 59
0 0 6272 4096 288 128 2400 5776 0 59
0 32768 25088 38944 38144 24608 16464 0 0 83
0 0 2192 16 8448 2304 9600 39504 0 83
0 0 5124 8228 344 8344 548 8 0 83
0 5784 2400 384 288 4096 6272 0 0 83
0 0 16464 24608 38144 38944 25088 32768 0 83
0 39504 9600 2304 8448 16 2192 0 0 83
0 8 548 8344 344 8228 5124 0 0 83
0 0 6272 4096 288 384 2400 5784 0 83
0 32768 25152 39072 38144 24608 16464 0 0 84
0 0 2192 6160 8448 2304 9600 39504 0 84
0 0 5124 8228 344 10392 1572 8 0 84
0 5784 2400 384 288 4240 6272 0 0 84
0 0 16464 24608 38144 39072 25152 32768 0 84
0 39504 9600 2304 8448 6160 2192 0 0 84
0 8 1572 10392 344 8228 5124 0 0 84
0 0 6272 4240 288 384 2400 5784 0 84
0 32768 25176 39072 38144 24608 16464 0 0 96
0 8192 6288 6160 8448 2304 9600 39504 0 96
0 0 5124 8228 344 10392 38436 8 0 96
0 5784 2400 384 288 4240 6288 32 0 96
0 0 16464 24608 38144 39072 25176 32768 0 96
0 39504 9600 2304 8448 6160 6288 8192 0 96
0 8 38436 10392 344 8228 5124 0 0 96
0 32 6288 4240 288 384 2400 5784 0 96
0 32772 25176 39080 38144 24608 16464 0 0 93
0 26624 6288 6160 8448 2304 9600 39504 0 93
0 0 5124 8228 344 43160 38436 16392 0 93
0 5784 2400 384 288 4240 6288 164 0 93
0 0 16464 24608 38144 39080 25176 32772 0 93
0 39504 9600 2304 8448 6160 6288 26624 0 93
0 16392 38436 43160 344 8228 5124 0 0 93
0 164 6288 4240 288 384 2400 5784 0 93
0 35076 25176 39080 38144 24608 16464 0 0 71
0 26624 6288 6160 24832 35072 9600 39504 0 71
0 0 5124 8228 344 43160 38436 16776 0 71
0 5784 2400 392 292 4240 6288 164 0 71
0 0 16464 24608 38144 39080 25176 35076 0 71
0 39504 9600 35072 24832 6160 6288 26624 0 71
0 16776 38436 43160 344 8228 5124 0 0 71
0 164 6288 4240 292 392 2400 5784 0 71
0 35076 27224 39336 38144 24608 16464 0 0 97
0 26624 6288 6160 25856 43264 9600 39504 0 97
0 0 5124 8228 344 43416 38564 16776 0 97
0 5784 2400 424 356 4240 6288 164 0 97
0 0 16464 24608 38144 39336 27224 35076 0 97
0 39504 9600 43264 25856 6160 6288 26624 0 97
0 16776 38564 43416 344 8228 5124 0 0 97
0 164 6288 4240 356 424 2400 5784 0 97
0 0 2048 0 256 0 0 0 0 69
0 0 0 0 256 8192 0 0 0 69
0 0 0 0 256 0 128 0 0 69
0 0 0 32 256 0 0 0 0 69
0 0 0 0 256 0 2048 0 0 69
0 0 0 8192 256 0 0 0 0 69
0 0 128 0 256 0 0 0 0 69
0 0 0 0 256 32 0 0 0 69
0 0 2048 4224 256 0 0 0 0 61
0 0 0 2048 256 8192 1024 0 0 61
0 0 0 0 256 2064 128 0 0 61
0 0 64 32 256 128 0 0 0 61
0 0 0 0 256 4224 2048 0 0 61
0 0 1024 8192 256 2048 0 0 0 61
0 0 128 2064 256 0 0 0 0 61
0 0 0 128 256 32 64 0 0 61
0 0 2048 4224 320 0 512 0 0 80
0 0 0 2304 288 8192 1024 0 0 80
0 0 512 0 1280 2064 128 0 0 80
0 0 64 32 8448 384 0 0 0 80
0 0 512 0 320 4224 2048 0 0 80
0 0 1024 8192 288 2304 0 0 0 80
0 0 128 2064 1280 0 512 0 0 80
0 0 0 384 8448 32 64 0 0 80
0 0 6144 4256 320 0 512 0 0 62
0 0 2048 2304 288 8192 5120 0 0 62
0 0 512 0 1280 10256 144 0 0 62
0 0 80 32 8448 384 128 0 0 62
0 0 512 0 320 4256 6144 0 0 62
0 0 5120 8192 288 2304 2048 0 0 62
0 0 144 10256 1280 0 512 0 0 62
0 0 128 384 8448 32 80 0 0 62
0 0 6144 4256 336 0 8704 0 0 82
0 0 2304 2304 288 8192 5152 0 0 82
0 0 544 0 5376 10256 144 0 0 82
0 0 8272 32 8448 384 384 0 0 82
0 0 8704 0 336 4256 6144 0 0 82
0 0 5152 8192 288 2304 2304 0 0 82
0 0 144 10256 5376 0 544 0 0 82
0 0 384 384 8448 32 8272 0 0 82
0 0 6400 4768 336 0 8704 0 0 70
0 0 2304 2304 6432 8192 5152 0 0 70
0 0 544 0 5376 10768 400 0 0 70
0 0 8272 32 8592 384 384 0 0 70
0 0 8704 0 336 4768 6400 0 0 70
0 0 5152 8192 6432 2304 2304 0 0 70
0 0 400 10768 5376 0 544 0 0 70
0 0 384 384 8592 32 8272 0 0 70
0 2048 6400 5792 336 0 8704 0 0 94
0 0 2304 2304 6432 41984 5152 0 0 94
0 0 544 0 5376 10832 400 128 0 94
0 0 8272 104 8592 384 384 0 0 94
0 0 8704 0 336 5792 6400 2048 0 94
0 0 5152 41984 6432 2304 2304 0 0 94
0 128 400 10832 5376 0 544 0 0 94
0 0 384 384 8592 104 8272 0 0 94
0 2112 6400 5792 344 0 8704 0 0 93
0 512 2304 18688 6432 41984 5152 0 0 93
0 0 544 0 38144 10832 400 1152 0 93
0 0 8272 104 8592 388 384 512 0 93
0 0 8704 0 344 5792 6400 2112 0 93
0 0 5152 41984 6432 18688 2304 512 0 93
0 1152 400 10832 38144 0 544 0 0 93
0 512 384 388 8592 104 8272 0 0 93
0 2368 6408 5792 344 0 8704 0 0 39
0 8704 2304 18688 22816 41984 5152 0 0 39
0 0 544 0 38144 10832 33168 1408 0 39
0 0 8272 104 8596 388 384 544 0 39
0 0 8704 0 344 5792 6408 2368 0 39
0 0 5152 41984 22816 18688 2304 8704 0 39
0 1408 33168 10832 38144 0 544 0 0 39
0 544 384 388 8596 104 8272 0 0 39
0 2368 6408 5792 344 0 8768 128 0 29
0 8704 2304 18712 22816 41984 5152 0 0 29
0 2048 1568 0 38144 10832 33168 1408 0 29
0 0 8272 104 8596 37252 384 544 0 29
0 128 8768 0 344 5792 6408 2368 0 29
0 0 5152 41984 22816 18712 2304 8704 0 29
0 1408 33168 10832 38144 0 1568 2048 0 29
0 544 384 37252 8596 104 8272 0 0 29
0 2368 6408 5792 344 0 8768 656 0 46
0 8704 2308 18712 22824 41984 5152 0 0 46
0 6656 1568 0 38144 10832 33168 1408 0 46
0 0 8272 104 41364 37252 16768 544 0 46
0 656 8768 0 344 5792 6408 2368 0 46
0 0 5152 41984 22824 18712 2308 8704 0 46
0 1408 33168 10832 38144 0 1568 6656 0 46
0 544 16768 37252 41364 104 8272 0 0 46
0 2368 6408 5792 344 16384 8800 656 0 41
0 8704 2340 18712 22824 41984 5152 64 0 41
0 6656 9760 4 38144 10832 33168 1408 0 41
0 1024 8272 104 41364 37252 24960 544 0 41
0 656 8800 16384 344 5792 6408 2368 0 41
0 64 5152 41984 22824 18712 2340 8704 0 41
0 1408 33168 10832 38144 4 9760 6656 0 41
0 544 24960 37252 41364 104 8272 1024 0 41
0 2368 6408 5792 344 16512 8740 656 0 51
0 8720 2340 18824 22824 41984 5152 64 0 51
0 6656 25120 2052 38144 10832 33168 1408 0 51
0 1024 8272 104 41364 35204 24960 4640 0 51
0 656 8740 16512 344 5792 6408 2368 0 51
0 64 5152 41984 22824 18824 2340 8720 0 51
0 1408 33168 10832 38144 2052 25120 6656 0 51
0 4640 24960 35204 41364 104 8272 1024 0 51
0 2368 6408 5792 344 24720 8740 656 0 58
0 8720 2404 18824 22824 41984 5280 64 0 58
0 6656 25120 6180 38144 10832 33168 1408 0 58
0 1024 10320 104 41364 35204 25984 4640 0 58
0 656 8740 24720 344 5792 6408 2368 0 58
0 64 5280 41984 22824 18824 2404 8720 0 58
0 1408 33168 10832 38144 6180 25120 6656 0 58
0 4640 25984 35204 41364 104 10320 1024 0 58
0 0 512 0 256 0 0 0 0 83
0 0 0 0 8448 0 0 0 0 83
0 0 0 0 256 0 512 0 0 83
0 0 0 0 288 0 0 0 0 83
0 128 576 0 256 0 0 0 0 72
0 0 0 36864 8448 0 0 0 0 72
0 0 0 0 256 0 1536 2048 0 72
0 0 0 0 288 24 0 0 0 72
0 0 0 0 256 0 576 128 0 72
0 0 0 0 8448 36864 0 0 0 72
0 2048 1536 0 256 0 0 0 0 72
0 0 0 24 288 0 0 0 0 72
0 128 576 2112 256 0 0 0 0 59
0 0 0 37888 8448 2048 0 0 0 59
0 0 0 0 256 1152 1536 2048 0 59
0 0 0 128 288 88 0 0 0 59
0 0 0 0 256 2112 576 128 0 59
0 0 0 2048 8448 37888 0 0 0 59
0 2048 1536 1152 256 0 0 0 0 59
0 0 0 88 288 128 0 0 0 59
0 128 576 2112 9472 0 0 0 0 47
0 0 0 37888 8448 2304 512 0 0 47
0 0 0 0 352 1152 1536 2048 0 47
0 0 512 384 288 88 0 0 0 47
0 0 0 0 9472 2112 576 128 0 47
0 0 512 2304 8448 37888 0 0 0 47
0 2048 1536 1152 352 0 0 0 0 47
0 0 0 88 288 384 512 0 0 47
0 128 576 2112 9472 4096 32 0 0 69
0 0 32 37888 8448 2304 576 0 0 69
0 0 8192 16 352 1152 1536 2048 0 69
0 0 1536 384 288 88 8192 0 0 69
0 0 32 4096 9472 2112 576 128 0 69
0 0 576 2304 8448 37888 32 0 0 69
0 2048 1536 1152 352 16 8192 0 0 69
0 0 8192 88 288 384 1536 0 0 69
0 128 8768 6208 9472 4096 32 0 0 57
0 0 32 37888 8448 2304 9792 0 0 57
0 0 8192 16 352 1168 1568 2048 0 57
0 0 1632 384 288 88 8192 0 0 57
0 0 32 4096 9472 6208 8768 128 0 57
0 0 9792 2304 8448 37888 32 0 0 57
0 2048 1568 1168 352 16 8192 0 0 57
0 0 8192 88 288 384 1632 0 0 57
0 160 8768 6208 17664 4096 32 0 0 28
0 0 32800 37888 8448 2304 9280 256 0 28
0 0 8192 16 324 1168 1568 10240 0 28
0 256 1120 384 288 88 8200 0 0 28
0 0 32 4096 17664 6208 8768 160 0 28
0 256 9280 2304 8448 37888 32800 0 0 28
0 10240 1568 1168 324 16 8192 0 0 28
0 0 8200 88 288 384 1120 256 0 28
0 160 8768 6208 17664 4096 32 96 0 39
0 0 32808 37892 8448 2304 9280 256 0 39
0 9216 8192 16 324 1168 1568 10240 0 39
0 256 1120 384 288 16472 40968 0 0 39
0 96 32 4096 17664 6208 8768 160 0 39
0 256 9280 2304 8448 37892 32808 0 0 39
0 10240 1568 1168 324 16 8192 9216 0 39
0 0 40968 16472 288 384 1120 256 0 39
0 160 8768 6216 17664 4096 96 96 0 85
0 2048 32808 37908 8448 2304 9280 256 0 85
0 9216 9216 16 324 33936 1568 10240 0 85
0 256 1120 384 288 20568 40968 128 0 85
0 96 96 4096 17664 6216 8768 160 0 85
0 256 9280 2304 8448 37908 32808 2048 0 85
0 10240 1568 33936 324 16 9216 9216 0 85
0 128 40968 20568 288 384 1120 256 0 85
0 160 8772 6216 17672 4096 96 96 0 84
0 6656 32808 37908 8448 2304 9280 256 0 84
0 9216 9216 16 33092 33936 17952 10240 0 84
0 256 1120 384 288 20568 40968 656 0 84
0 96 96 4096 17672 6216 8772 160 0 84
0 256 9280 2304 8448 37908 32808 6656 0 84
0 10240 17952 33936 33092 16 9216 9216 0 84
0 656 40968 20568 288 384 1120 256 0 84
0 160 8788 6216 17672 4096 96 96 128 79
0 6656 36904 37910 8448 2304 9280 256 0 79
2048 9216 9216 16 33092 33936 22048 10240 0 79
0 256 1120 384 288 151640 40984 656 0 79
128 96 96 4096 17672 6216 8788 160 0 79
0 256 9280 2304 8448 37910 36904 6656 0 79
0 10240 22048 33936 33092 16 9216 9216 2048 79
0 656 40984 151640 288 384 1120 256 0 79
0 8352 25172 6216 17672 4096 96 96 128 96
0 6656 36904 37910 8448 2304 42048 4352 0 96
2048 9216 9216 16 33092 33936 22052 10272 0 96
0 272 1128 384 288 151640 40984 656 0 96
128 96 96 4096 17672 6216 25172 8352 0 96
0 4352 42048 2304 8448 37910 36904 6656 0 96
0 10272 22052 33936 33092 16 9216 9216 2048 96
0 656 40984 151640 288 384 1128 272 0 96
0 41124 25172 6216 17672 4096 96 96 128 89
0 23040 36904 37910 8448 2304 42048 37120 0 89
2048 9216 9216 16 33092 33936 22052 26664 0 89
0 280 1128 384 288 151640 40984 660 0 89
128 96 96 4096 17672 6216 25172 41124 0 89
0 37120 42048 2304 8448 37910 36904 23040 0 89
0 26664 22052 33936 33092 16 9216 9216 2048 89
0 660 40984 151640 288 384 1128 280 0 89
512 106660 25172 6216 17672 4096 96 96 128 92
0 23040 36904 37910 139520 2304 42048 37120 16384 92
2048 9216 9216 16 33092 33936 22052 26665 512 92
4 280 1128 384 290 151640 40984 660 0 92
128 96 96 4096 17672 6216 25172 106660 512 92
16384 37120 42048 2304 139520 37910 36904 23040 0 92
512 26665 22052 33936 33092 16 9216 9216 2048 92
0 660 40984 151640 290 384 1128 280 4 92